2
2
3
4
4
5
7
7
7
7
8
8
11
12
11
13
13
10
10
10
10
10
9
9
10
8
9
10
10
10
10
11
10
9
9
9
9
9
9
9
9
10
10
8
8
8
8
8
8
8
7
8
8
8
6
7
7
8
8
8
8
8
8
8
8
6
6
5
5
5
5
6
6
6
6
6
6
6
6
5
5
5
5
6
6
6
7
7
7
6
6
6
5
5
5
6
6
6
6
7
6
6
6
6
6
5
5
8
9
9
11
13
14
13
13
12
12
14
15
17
20
21
22
25
25
26
27
31
34
36
38
38
42
45
47
44
50
52
54
53
53
53
55
57
63
66
71
68
66
68
66
64
63
62
61
60
66
67
67
66
65
65
66
69
68
69
68
70
72
74
76
77
73
76
78
80
79
78
81
84
87
88
93
94
93
92
93
96
99
101
100
99
100
100
99
101
103
103
106
106
107
104
104
106
104
104
104
101
102
101
102
105
106
111
114
121
125
130
133
136
131
135
133
137
131
131
131
130
131
131
126
126
125
123
120
110
105
100
94
85
80
71
61
56
54
50
50
42
34
35
29
23
20
20
19
17
15
12
12
12
12
12
10
8
6
6
6
6
6
6
6
6
6
6
6
7
7
7
7
7
7
6
6
6
7
7
8
8
9
9
9
10
8
8
7
8
8
9
10
11
11
12
13
12
12
14
14
14
14
14
14
14
14
14
14
14
14
14
14
13
12
12
13
13
12
12
13
13
14
14
14
15
14
15
15
15
16
16
15
15
15
14
14
15
15
14
14
14
13
14
14
14
14
14
14
15
15
15
15
15
15
15
14
12
12
14
14
14
15
16
16
16
16
16
17
15
15
15
15
16
16
16
16
17
17
17
17
16
17
17
17
17
17
18
20
19
19
21
21
20
19
18
16
16
15
15
13
11
10
10
9
6
4
3
2
