00000000000000000000000000000000000000000000000000000000000000000000000000000000000000000000000000000000000000000000000000000000000000000000000000000000001110000000000000000000000000000000000000000000000000000000000
00000000000000000000000000000000000000000000000000000000000000000000000000000000000000000000000000000000000000000000000000000000000000000000000000000000011111000000000000000000000000000000000000000000000000000000000
00000000000000000000000000000000000000000000000000000000000000000000000000000000000000000000000000000000000000000000000000000000000000000000000000000000011111100000000000000000000000000000000000000000000000000000000
00000000000000000000000000000000000000000000000000000000000000000000000000000000000000000000000000000000000000000000000000000000000000000000000000000000011111110000000000000000000000000000000000000000000000000000000
00000000000000000000000000000000000000000000000000000000000000000000000000000000000000000000000000000000000000000000000000000000000000000000000000000000111111110000000000000000000000000000000000000000000000000000000
00000000000111000000000000000000000000000000000000000000000000000000000000000000000000000000000000000000000000000000000000000000000000000000000000000000111111110000000000000000000000000000000000000000000000000000000
00000000000111100000000000000000000000000000000000000000000000000000000000000000000000000000000000000000000000000000000000000000000000000000000000000001111111111000000000000000000000000000000000000000000000000000000
00000000000111110000000000000000000000000000000000000000000000000000000000000000000000000000000000000000000000000000000000000000000000000000000000000001111111111000000000000000000000000000000000000000000000000000000
00000000000111110000000000000000000000000000000000000000000000000000000000000000000000000000000000000000000000000000000000000000000000000000000000000001111111111000000000000000000000000000000000000000000000000000000
00000000001111111000000000000000000000000000000000000000000000000000000000000000000000000000000000000000000000000000000000000000000000000000000000000001111111111100000000000000000000000000000001100000000000000000000
00000000001111111100000000000000000000000000000000000000000000000000000000000000000000000000000000000000000000000000000000000000000000000000000000000001111111111100000000000000000000000000000001100000000000000000000
00000000001111111100000000000000000000000000000000000000000000000000000000000000000000000000000000000000000000000000000000000000000000000000000000000001111111111100000000000000000000000000000011100000000000000000000
00000000001111101100000000000000000000000000000000000000000000000000000000000000000000000000000000000000000000000000000000000000000000000000000000000011111111111100000000000000000000000000000011100000000000000000000
00000000001111101100000000000000000000000000000000000000000000000000000000000000000000000000000000000000000000000000000000000000000000000000000000000011111111111100000000000000000000000000000011110000000000000000000
00000000011111101100000000000000000000000000000000000000000000000000000000000000000000000000000000000000000000000000000000000000000000000000000000000011111111111100000000000000000000000000000011110000000000000000000
00000000011111101110000000000000000000000000000000000000000000000000000000000000000000000000000000000000000000000000000000000000000000000000000000000011111111111110000000000000000000000000000011110000000000000000000
00000000011111101110000000000000000000000000000000000000000000000000000000000000000000000000000000000000000000000000000000000000000000000000000000000011111101111110000000000000000000000000000011110000000000000000000
00000000011111111110000000000000000000000000000000000000000000000000000000000000000000000000000000000000000000000000000000000000000000000000000000000111111001111110000000000000000000000000000011110000000000000000000
00000000011111111110000000000000000000000000000000000000000000000000000000000000000000000000000000000000000000000000000000000000000000000000000000000111111000111110000000000000000000000000000011110000000000000000000
00000000111111111110000000000000000000000000000000000000000000000000000000000000000000000000000000000000000000000000000000000000000000000000000000000111111000011110000000000000000000000000000011110000000000000000000
00000000111111001110000000000000000000000000000000000000000000000000000000000000000000000000000000000000000000000000000000000000000000000000000000000111110000011110000000000000000000000000000111110000000000000000000
00000000111111001110000000000000000000000000000000000000000000000000000000000000000000000000000000000000000000000000000000000000000000000000000000000111110000011110000000000000000000000000000111110000000000000000000
00000000111111001110000000000000000000000000000000000000000000000000000000000000000000000000000000000000000000000000000000000000000000000000000000001111100000011110000000000000000000000000000111110000000000000000000
00000000111111001110000000000000000000000000000000000000000000000000000000000000000000000000000000000000000000000000000000000000000000000000000000001111100000011110000000000000000000000000000111110000000000000000000
00000000111110001110000000000000000000000000000000000000000000000000000000000000000000000000000000000000000000000000000001000000000000000000000000001111100000011110000000000000000000000000000111110000000000000000000
00000000111110000110000000000000000000000000000000000000000000000000000000000000000000000000000000000000000000000000000001100000000000000000000000001111000000011110000000000000000000000000000111110000000000000000000
00000001111110000110000000000000000000000000000000000000000000000000000000000000000000000000000000000000000000000000000011100000000000000000000000001111000000001110000000000000000000000000000111100000000000000000000
00000001111110000110000000000000000000000000000000000000000000000000000000000000000000000000000000000000000000000000000011100000000000000000000000001111000000000110000000000000000000000000000111100000000000000000000
00000001111100000110000000000000000000000000100000000000000000000000000000000000000000000000000000000000000000000000000011110000000000000000000000001111000000000110000000000000000000000000000111100000000000000000000
00000001111100000111000000000000000000000000110000000000000000000000000000000000000000000000000000000000000000000000000111110000000000000000000000011110000000000111000000000000000000000000000111100000000000001000000
00000001111100000111000000000000000000000001111000000000000000000000000000000000000000000000000000000000000000000000000111110000000000000000000000011110000000000111000000000000000000000000000111100000000000001000000
00000001111100001111000000000000000000000001111000000000000000000000000000000000000000000000000000000000000000000000000111111000000000000000000000011110000000000111000000000000000000000000000111100000000000001100000
00000011111000011111000000000000000000000011111000000000000000000000000000000000000000000000000000000000000000000000000111111000000000000000000000011110000000000110000000000000000000000000000111100000000000011100000
00000011111000011110000000000000000000000011111000000000000000000000000000000000000000000000000000000000000000000000000111111000000000000000000000011110000000000110000000000000000000000000001111100000000000011110000
00000011111000011110000000000000000000000011111000000000000000000000000000000000000000000000000000000000000000000000010111111000000000000000000000111110000000000110000000000000000000000000001111100000000000011110000
00000011111000011110000000000000000000000011111100000000000000000000000000000000000000000000000000000000000000000000010111111000000000000000000000111100000000000110000000000000000000000000001111100000000000011110000
00000011110000011110000000000000000000000011111000000000000000000000000000000000000000000000000000000000000000000000010111111000000000000000000000111100000000000110000000000000000000000000001111100000000000011110000
00000011110000011110000000000000000000000111110000000000000000000000000000000000000000000000000000000000000000000000010111111000000000000000000000111100000000000110000000000000000000000000001111100000000000011110000
00000011110000011110000000000000000000000110110000000000000000000000000000000000000000000000000000000000000000000000010111111100000000000000000000111100000000000110000000000000000000000000001111100000000000011110000
00000011110000011110000000000000000000000110100000000000100000000000000000000000000000000000000000000000000000000000010111111000000000000000000000111100000000000111000000000000000000000000001111000000000000011110000
00000011110000011110000000000000000000000110100000000001100000000000000000000000000000000000000000000000000000000000011111111100000000000000000000111000000000000110000000000000000000000000001111000000000000011110000
00000011110000011110000000000000000000000111000000000001100000000000000000000000000000000000000000000000000000000000111111111100000000000000000000111000000000000110000000000000000000000000001111000000000000111110000
00000011110000011110000000000000000000000111000000000001100000000000000000000000001000000000000000000000000000000000111111111100000000000000000000111000000000000110000000000000000000000000011111000000000000111110000
00000011100000111110000000000000000000000101000000000001110000000000000000000000011000000000000000000000000000000000111111111100000000000000000001111000000000000110000000000000000000000000011111000000000000111110000
00000111000000111110000000000000000000000101000000000001110000000000000000000000011100000000000000000000000000000000111110111100000000000000000001111000000000000110000000000000000000000000011111000000000000111110000
00000111000000111110000000000000000000000100000000000001110000000000000000000000001100000000000000000000000000000000111111111100000000000000000000111000000000000110000000000000000000000000011110000000000001111110000
00000111000000111110000000000000000000000000000000000001110000000000000000000000001100001110000000000000000000000000111110111100000000000000000001111000000000000110000000000000000000000000011110000000000001111110000
00000111000000111110000000000000000000000000000000000011110000000000000000000000001100011111000000000000000000000000111110111100000000000000000001111000000000000110000000000000000000000000011110000000000001111110000
00000111000000111110000000000000000000000100000000000011110000000000000000000000001100011111000000000000000000000000111100111100000000000000000001111000000000000110000000000000000000000000011110000000000001111110000
00000111000000111110000000000000000000000100000000000011110000000000000000000000001100011111000000000000000000000000111100111100000000000000000001110000000000000110000000000000000000000000111110000000000001111110000
00000111000000111110000000000000000000000100000000000011110000000000000000000000001100011111000000000000000000000000111100111100000000000000000001110000000000000110000000000000000000000000111110000000000001111110000
00001111000000111110000000000000000000000100000000000011110000000000000000000000001000111111100000000000000000000000111100111100000000000000000011110000000000000110000000000000000000000000111110000000000001111110000
00001111000000111110000000000000000000000100000000000111110000000000000000000000001000111111100000000000000000000001111100111110000000000000000011110000000000000110000000000000000000000000111110000000000001111110000
00001111000000111110000000000000000000000100000000000111110000000000000000000000001000111111110000000000000000000001111100111110000000000000000011110000000000001111000000000000000000000000111110000000000001111110000
00001111000000111110000000000000000000000000000000000111110000000000000000000000011100111111110000000000000000000001111100111110000000000000000011110000000000001111000000000000000000000000111110000000000001111110000
00001111000000111110000000000000000000000000000000000111110000000000000000000000011101111111110000000000000000000001111100111110000000000000000011110000000000001111000000000000000000000000111110000000000001111110000
00001111000000111110000000000000000000000000000000000111110000000000000000000000011101111111110000000000000000000001111000111110000000000000000011110000000000001111000000000000000000000001111100000000000011111110000
00001110000000111110000000000000000000000000000000000111110000000000000000000000011101111111110000000000000000000001111000111110000000000000000011110000000000001111000000000000000000000001111100000000000011111110000
00001110000000111110000000000000000000000000000000000111100000000000000000000000011101111111111000000000000000000011111000011110000000000000000011110000000000001111000000000000000000000001111100000000000011111110000
00001110000000110110000000000000000000000000000000000111100000000000000000000000011111111111111000000000000000000011111000011110000000000000000111110000000000001110000000000000000000000001111100000000000011101110000
00001110000001110110000000000000000000000000000000000111100000000000000000000000011111111111111000000000000000000011111000011110000000000000000111110000000000001110000000000000000000000011111100000000000111101110000
00001110000001110110000000000000000000011000000000001111100000000000000000000000011111111111111000000000000000000011111000011110000000000000000111110000000000001110000000000000000000000011111100000000000111101110000
00001110000001110110000000000000000000011000000000001111100000000000000000000000011111111011111000000000000000000011111000011110000000000000000111110000000000001110000000000000000000000011111110000000000111101110000
00001110000001110110000000000000000000011000000000001111100000000000000000000000011111111001111100000000000000000011111000011110000000000000000111110000000000001110000000000000000000000011111110000000000111101110000
00001110000001110110000000000000000000011000000000001111100000000000000000000000011111111001111100000000000000000011111000011110000000000000000111110000000000001110000000000000000000000011111110000000000111001110000
00001110000001110110000000000000000000011000000000001111100000000000000000000000011111111001111100000000000000000011111000011110000000000000000111100000000000001110000000000000000000000011111110000000000111001110000
00001110000001110111000000000000000000011000000000001111100000000000000000000000011111111001111100000000000000000011111000011110000000000000000111100000000000001110000000000000000000000011111110000000000111001110000
00001110000001110111000000000000000000011000000000001111100000000000000000000000011111110000111100000000000000000011110000011110000000000000000111100000000000011110000000000000000000000011111110000000000111001110000
00001110000001110111000000000000000000011100000000001111100000000000000000000000011111110000111100000000000000000011110000011110000000000000000111100000000000011110000000000000000000000011111110000000000111001110000
00001110000011110111000000000000000000011100000000001111100000000000000000000000011111110000111100000000000000000111110000011111000000000000001111100000000000011110000000000000000000000011111110000000000011001110000
00001110000011110111000000000000000000111100000000001111100000000000000000000000011111110000111100000000000000000111110000011111000000000000001111000000000000011110000000000000000000000011111110000000000011001110000
00001110000011110111000000000000000000111100000000011111100000000000000000000000011111110000111100000000000000000111110000011110000000000000001111000000000000011110000000000000000000000111011110000000000111001110000
00001110000011111111000000000000000000111000000000011111110000000000000000000000111111110000111100000000000000000111110000011110000000000000001111000000000000011110000000000000000000000111011110000000000111001110000
00001110000011101111000000000000000000111000000000011111110000000000000000000000111111100000111100000000000000000111110000011110000000000000001111000000000000011110000000000000000000000111011110000000000110001110000
00001110000011101110000000000000000000111000000000011111110000000000000000000000011111100000111100000000000000000111100000001110000000000000001111000000000000011110000000000000000000000110011110000000001110001111000
00001110000111101110000000000000000000111000000000011111110000000000000000000000011111100000011100000000000000000111100000001110000000000000001110000000000000111110000000000000000000000110011110000000001110001111000
00001110000111101110000000000000000000111100000000011111110000000000000000000000011111100000011100000000000000001111100000001110000000000000001110000000000000111110000000000000000000000110011110000000011110001111000
00001110000111101110000000000000000000111100000000011111110000000000000000000000011111000000011100000000000000001111100000001110000000000000001110000000000000111100000000000000000000000110001110000000011110001111000
00001110000111101110000000000000000000111000000000011011110000000000000000000000011111000000011100000000000000001111100000001110000000000000001110000000000000111100000000000000000000001110001110000000011110001111000
00001110000111001110000000000000000000111000000000011011110000000000000000000000011111000000011100000000000000001111100000001110000000000000001110000000000000111100000000000000000000001110001110000000011110001111000
00001110000111001110000000000000000000111000000000001011110000000000000000000000111111000000011100000000000000001111100000001110000000000000000110000000000000111100000000000000000000001110001110000000110000001111000
00001110000111001110000000000000000000111000000000001011110000000000000000000000111111000000011100000000000000001111100000001110000000000000000110000000000000111100000000000000000000001100001110000000110000001111000
00001110000111001110000000000000000000111000000000001011110000000000000000000000111110000000011110000000000000001111100000001110000000000000000110000000000000111000000000000000000000011100001111000001110000001111000
00001110000111001110000000000000000000111000000000001011110000000000000000000000111110000000011110000000000000001111000000001110000000000000001110000000000000111000000000000000000000011100001111000001110000001111000
00001110000111001110000000000000000000111000000001000011110000000000000000000000111110000000011110000000000000011111000000001110000000000000001111000000000000111000000000000000000000011000001111000001111000001111000
00001110001111001110000000000000000000111000000001000011110000000000000000000000111110000000011110000000000000011111000000001110000000000000000111000000000001111000000000000000000000011000000111000001111000001111000
00001111001111001110000000000000000000111000000011000001110000000000000000000000111110000000011110000000000000011111000000001110000000000000000111000000000001111000000000000000000000011000000111000011111000001111000
00001111001111001110000000000000000000111000000011000001110000000000000000000000111110000000011110000000000000011110000000001110000000000000000111000000000001111000000000000000000000111100000111000011110000001111000
00001111001111001110000000000000000000111000000011000001110000000000000000000000111110000000011110000000000000011110000000001110000000000000000111000000000001111000000000000000000001111100000111101111110000001111000
00001111001111001110000000000000000000111000000111010001110000000000000000000000111110000000011110000000000000011110000000001110000000000000000111000000000011111000000000000000110001111100000111111111110000001111000
00001111011110001110000000000000000000111000000111010001110000000000000000000000111110000000011110000000000000011110000000001111000000000000000111000000000011111000000000000000110001111100000111111111110000001111000
00000111011110001110000000000000000000111000000111010001110000000000000000000000111110000000011110000000000000011110000000001111000000000000000111000000000011110000000000000000110011111100000111111111110000000111000
00000111111110001110000000000000000000111000000111110001110000000000000000000000111110000000011110000000000000011110000000001111000000000000000111000000000011110000000000000000110011111100000111111111110000000111100
00000111111110001110000000000000000000111000001111110001110000000000000000000000111110000000011110000000000000011110000000001111000000000000000111000000000011110000000000000000110011111100000011111111100000000111100
00000111111110001110000000000000000000111000001111100011110000000000000000000000111110000000011110000000000000011110000000001111000000000000000111100000000111110000000000000000110011111000000011111111100000000111100
00000111111110001110000000000000000000111100001111100011110000000000000000000000111100000000011110000000000000011100000000001111100000000000000111100000000111110000000000000000110011111000000011111111100000000111100
00000111111110011110000000000000000000111100001111100011110000000000000000000000111100000000011110000000000000011100000000001111100000000000000111100000000111110000000000000001110111111000000011111111100000000111100
00000111111100011110000000000000000000111100011111100011110000000000000000000000111100000000011110000000000000011100000000000111100000000000000111100000000111110000000000000001110111111000000011111111000000000111100
00000111111100011110000000000000000000111100111111000011110000000000000000000000111100000000011110000000000000011100000000000111100000000000000111100000001111100000000000000001111111110000000011111111000000000111100
00000111111100011110000000000000000000111110111111000011110000000000000000000000111100000000011110000000000000111100000000000111100000000000000111100000001111100000000000000001111111110000000011111111000000000111100
00000011111100011110000000000000000000011111111111000011110000000000000000000000111000000000011110000000000000111100000000000111100000000000000111110000011111100000000000000001111111100000000011111111000000000111100
00000011111100011110000000000000000000011111111110000011110000000000000000000000111000000000011110000000000000111100000000000111110000000000000111111000011111100000000000000001111111100000000001111110000000000011100
00000011111000011110000000000000000000011111111110000001111000000000000000000000111000000000011110000000000000111100000000000111100000000000000111111001011111100000000000000001111111100000000001111110000000000011100
00000011111000011110000000000000000000011111111110000001111000000000000000000000111000000000011110000000000000111100000000000111100000000000000111111011111111000000000000000001111111100000000000111000000000000011110
00000011111000011110000000000000000000011111111110000001111000000000000000000000111000000000011110000000000000111100000000000111100000000000000111111111111111000000000000000000111111100000000000111000000000000011110
00000001111000011110000000000000000000001111111100000001111000000000000000000001111000000000011110000000000000111100000000000111100000000000000011111111111111000000000000000000111111100000000000010000000000000011110
00000000110000011110000000000000000000001111111100000001111000000000000000000001111000000000011110000000000000111100000000000011100000000000000011111111111111000000000000000000111111000000000000000000000000000011110
00000000110000011110000000000000000000001111111100000001111000000000000000000001111000000000011110000000000000111100000000000011000000000000000011111111111111000000000000000000111111000000000000000000000000000011110
00000000000000011110000000000000000000001111111100000001111000000000000000000001111000000000011110000000000000111000000000000000000000000000000011111111111110000000000000000000111111000000000000000000000000000011110
00000000000000011110000000000000000000000111111000000001111000000000000000000001111000000000011110000000000000011000000000000000000000000000000011111111111110000000000000000000111110000000000000000000000000000011110
00000000000000011110000000000000000000000111111000000000111000000000000000000001111000000000011110000000000000011000000000000000000000000000000011111111111110000000000000000000111100000000000000000000000000000011110
00000000000000011110000000000000000000000111111000000000111000000000000000000001111000000000011100000000000000011000000000000000000000000000000001111111111110000000000000000000111000000000000000000000000000000011110
00000000000000011110000000000000000000000111110000000000111000000000000000000001111000000000001100000000000000000000000000000000000000000000000001111111111100000000000000000000000000000000000000000000000000000011110
00000000000000011110000000000000000000000011110000000000110000000000000000000001111000000000001100000000000000000000000000000000000000000000000001111111111100000000000000000000000000000000000000000000000000000011110
00000000000000011110000000000000000000000001100000000000110000000000000000000001111000000000000000000000000000000000000000000000000000000000000000111111111100000000000000000000000000000000000000000000000000000001110
00000000000000011110000000000000000000000000000000000000000000000000000000000001111000000000000000000000000000000000000000000000000000000000000000111111111000000000000000000000000000000000000000000000000000000001110
00000000000000011110000000000000000000000000000000000000000000000000000000000001111000000000000000000000000000000000000000000000000000000000000000011111111000000000000000000000000000000000000000000000000000000001110
00000000000000011110000000000000000000000000000000000000000000000000000000000001110000000000000000000000000000000000000000000000000000000000000000011111110000000000000000000000000000000000000000000000000000000001110
00000000000000011110000000000000000000000000000000000000000000000000000000000001110000000000000000000000000000000000000000000000000000000000000000001111110000000000000000000000000000000000000000000000000000000001110
00000000000000011110000000000000000000000000000000000000000000000000000000000001110000000000000000000000000000000000000000000000000000000000000000001111100000000000000000000000000000000000000000000000000000000001111
00000000000000011100000000000000000000000000000000000000000000000000000000000001110000000000000000000000000000000000000000000000000000000000000000000011000000000000000000000000000000000000000000000000000000000001111
00000000000000011100000000000000000000000000000000000000000000000000000000000001110000000000000000000000000000000000000000000000000000000000000000000000000000000000000000000000000000000000000000000000000000000001111
00000000000000011100000000000000000000000000000000000000000000000000000000000001110000000000000000000000000000000000000000000000000000000000000000000000000000000000000000000000000000000000000000000000000000000001111
00000000000000011100000000000000000000000000000000000000000000000000000000000001110000000000000000000000000000000000000000000000000000000000000000000000000000000000000000000000000000000000000000000000000000000001111
00000000000000011100000000000000000000000000000000000000000000000000000000000001110000000000000000000000000000000000000000000000000000000000000000000000000000000000000000000000000000000000000000000000000000000000111
00000000000000011100000000000000000000000000000000000000000000000000000000000000110000000000000000000000000000000000000000000000000000000000000000000000000000000000000000000000000000000000000000000000000000000000111
00000000000000011100000000000000000000000000000000000000000000000000000000000000110000000000000000000000000000000000000000000000000000000000000000000000000000000000000000000000000000000000000000000000000000000000111
00000000000000011100000000000000000000000000000000000000000000000000000000000000100000000000000000000000000000000000000000000000000000000000000000000000000000000000000000000000000000000000000000000000000000000000111
00000000000000011100000000000000000000000000000000000000000000000000000000000000000000000000000000000000000000000000000000000000000000000000000000000000000000000000000000000000000000000000000000000000000000000000111
00000000000000011100000000000000000000000000000000000000000000000000000000000000000000000000000000000000000000000000000000000000000000000000000000000000000000000000000000000000000000000000000000000000000000000000111
00000000000000011100000000000000000000000000000000000000000000000000000000000000000000000000000000000000000000000000000000000000000000000000000000000000000000000000000000000000000000000000000000000000000000000000011
00000000000000011100000000000000000000000000000000000000000000000000000000000000000000000000000000000000000000000000000000000000000000000000000000000000000000000000000000000000000000000000000000000000000000000000011
00000000000000011100000000000000000000000000000000000000000000000000000000000000000000000000000000000000000000000000000000000000000000000000000000000000000000000000000000000000000000000000000000000000000000000000011
00000000000000011100000000000000000000000000000000000000000000000000000000000000000000000000000000000000000000000000000000000000000000000000000000000000000000000000000000000000000000000000000000000000000000000000011
00000000000000011100000000000000000000000000000000000000000000000000000000000000000000000000000000000000000000000000000000000000000000000000000000000000000000000000000000000000000000000000000000000000000000000000011
00000000000000011100000000000000000000000000000000000000000000000000000000000000000000000000000000000000000000000000000000000000000000000000000000000000000000000000000000000000000000000000000000000000000000000000001
00000000000000011000000000000000000000000000000000000000000000000000000000000000000000000000000000000000000000000000000000000000000000000000000000000000000000000000000000000000000000000000000000000000000000000000000
00000000000000111000000000000000000000000000000000000000000000000000000000000000000000000000000000000000000000000000000000000000000000000000000000000000000000000000000000000000000000000000000000000000000000000000000
00000000000000111000000000000000000000000000000000000000000000000000000000000000000000000000000000000000000000000000000000000000000000000000000000000000000000000000000000000000000000000000000000000000000000000000000
00000000000000111000000000000000000000000000000000000000000000000000000000000000000000000000000000000000000000000000000000000000000000000000000000000000000000000000000000000000000000000000000000000000000000000000000
00000000000000111000000000000000000000000000000000000000000000000000000000000000000000000000000000000000000000000000000000000000000000000000000000000000000000000000000000000000000000000000000000000000000000000000000
00000000000000111000000000000000000000000000000000000000000000000000000000000000000000000000000000000000000000000000000000000000000000000000000000000000000000000000000000000000000000000000000000000000000000000000000
00000000000000111000000000000000000000000000000000000000000000000000000000000000000000000000000000000000000000000000000000000000000000000000000000000000000000000000000000000000000000000000000000000000000000000000000
00000000000000111000000000000000000000000000000000000000000000000000000000000000000000000000000000000000000000000000000000000000000000000000000000000000000000000000000000000000000000000000000000000000000000000000000
00000000000000111000000000000000000000000000000000000000000000000000000000000000000000000000000000000000000000000000000000000000000000000000000000000000000000000000000000000000000000000000000000000000000000000000000
00000000000000111000000000000000000000000000000000000000000000000000000000000000000000000000000000000000000000000000000000000000000000000000000000000000000000000000000000000000000000000000000000000000000000000000000
00000000000000111000000000000000000000000000000000000000000000000000000000000000000000000000000000000000000000000000000000000000000000000000000000000000000000000000000000000000000000000000000000000000000000000000000
00000000000000111000000000000000000000000000000000000000000000000000000000000000000000000000000000000000000000000000000000000000000000000000000000000000000000000000000000000000000000000000000000000000000000000000000
00000000000000111000000000000000000000000000000000000000000000000000000000000000000000000000000000000000000000000000000000000000000000000000000000000000000000000000000000000000000000000000000000000000000000000000000
00000000000000111000000000000000000000000000000000000000000000000000000000000000000000000000000000000000000000000000000000000000000000000000000000000000000000000000000000000000000000000000000000000000000000000000000
00000000000000111000000000000000000000000000000000000000000000000000000000000000000000000000000000000000000000000000000000000000000000000000000000000000000000000000000000000000000000000000000000000000000000000000000
00000000000000111000000000000000000000000000000000000000000000000000000000000000000000000000000000000000000000000000000000000000000000000000000000000000000000000000000000000000000000000000000000000000000000000000000
00000000000000111000000000000000000000000000000000000000000000000000000000000000000000000000000000000000000000000000000000000000000000000000000000000000000000000000000000000000000000000000000000000000000000000000000
00000000000000111000000000000000000000000000000000000000000000000000000000000000000000000000000000000000000000000000000000000000000000000000000000000000000000000000000000000000000000000000000000000000000000000000000
00000000000000111000000000000000000000000000000000000000000000000000000000000000000000000000000000000000000000000000000000000000000000000000000000000000000000000000000000000000000000000000000000000000000000000000000
00000000000000111000000000000000000000000000000000000000000000000000000000000000000000000000000000000000000000000000000000000000000000000000000000000000000000000000000000000000000000000000000000000000000000000000000
00000000000000111000000000000000000000000000000000000000000000000000000000000000000000000000000000000000000000000000000000000000000000000000000000000000000000000000000000000000000000000000000000000000000000000000000
00000000000000111000000000000000000000000000000000000000000000000000000000000000000000000000000000000000000000000000000000000000000000000000000000000000000000000000000000000000000000000000000000000000000000000000000
00000000000000111000000000000000000000000000000000000000000000000000000000000000000000000000000000000000000000000000000000000000000000000000000000000000000000000000000000000000000000000000000000000000000000000000000
00000000000000111000000000000000000000000000000000000000000000000000000000000000000000000000000000000000000000000000000000000000000000000000000000000000000000000000000000000000000000000000000000000000000000000000000
00000000000000111000000000000000000000000000000000000000000000000000000000000000000000000000000000000000000000000000000000000000000000000000000000000000000000000000000000000000000000000000000000000000000000000000000
00000000000001111000000000000000000000000000000000000000000000000000000000000000000000000000000000000000000000000000000000000000000000000000000000000000000000000000000000000000000000000000000000000000000000000000000
00000000000001111000000000000000000000000000000000000000000000000000000000000000000000000000000000000000000000000000000000000000000000000000000000000000000000000000000000000000000000000000000000000000000000000000000
00000000000001111000000000000000000000000000000000000000000000000000000000000000000000000000000000000000000000000000000000000000000000000000000000000000000000000000000000000000000000000000000000000000000000000000000
00000001000001111000000000000000000000000000000000000000000000000000000000000000000000000000000000000000000000000000000000000000000000000000000000000000000000000000000000000000000000000000000000000000000000000000000
00000001000001110000000000000000000000000000000000000000000000000000000000000000000000000000000000000000000000000000000000000000000000000000000000000000000000000000000000000000000000000000000000000000000000000000000
00000001000001110000000000000000000000000000000000000000000000000000000000000000000000000000000000000000000000000000000000000000000000000000000000000000000000000000000000000000000000000000000000000000000000000000000
00000000000001110000000000000000000000000000000000000000000000000000000000000000000000000000000000000000000000000000000000000000000000000000000000000000000000000000000000000000000000000000000000000000000000000000000
00000100000001110000000000000000000000000000000000000000000000000000000000000000000000000000000000000000000000000000000000000000000000000000000000000000000000000000000000000000000000000000000000000000000000000000000
00000100000001110000000000000000000000000000000000000000000000000000000000000000000000000000000000000000000000000000000000000000000000000000000000000000000000000000000000000000000000000000000000000000000000000000000
00000110000001110000000000000000000000000000000000000000000000000000000000000000000000000000000000000000000000000000000000000000000000000000000000000000000000000000000000000000000000000000000000000000000000000000000
00001110000001110000000000000000000000000000000000000000000000000000000000000000000000000000000000000000000000000000000000000000000000000000000000000000000000000000000000000000000000000000000000000000000000000000000
00001110000001110000000000000000000000000000000000000000000000000000000000000000000000000000000000000000000000000000000000000000000000000000000000000000000000000000000000000000000000000000000000000000000000000000000
00001110000001110000000000000000000000000000000000000000000000000000000000000000000000000000000000000000000000000000000000000000000000000000000000000000000000000000000000000000000000000000000000000000000000000000000
00011110000001110000000000000000000000000000000000000000000000000000000000000000000000000000000000000000000000000000000000000000000000000000000000000000000000000000000000000000000000000000000000000000000000000000000
00011110000001110000000000000000000000000000000000000000000000000000000000000000000000000000000000000000000000000000000000000000000000000000000000000000000000000000000000000000000000000000000000000000000000000000000
00011110000001110000000000000000000000000000000000000000000000000000000000000000000000000000000000000000000000000000000000000000000000000000000000000000000000000000000000000000000000000000000000000000000000000000000
00011110000001110000000000000000000000000000000000000000000000000000000000000000000000000000000000000000000000000000000000000000000000000000000000000000000000000000000000000000000000000000000000000000000000000000000
00011110000001110000000000000000000000000000000000000000000000000000000000000000000000000000000000000000000000000000000000000000000000000000000000000000000000000000000000000000000000000000000000000000000000000000000
00011100000011110000000000000000000000000000000000000000000000000000000000000000000000000000000000000000000000000000000000000000000000000000000000000000000000000000000000000000000000000000000000000000000000000000000
00011100000011110000000000000000000000000000000000000000000000000000000000000000000000000000000000000000000000000000000000000000000000000000000000000000000000000000000000000000000000000000000000000000000000000000000
00011100000011110000000000000000000000000000000000000000000000000000000000000000000000000000000000000000000000000000000000000000000000000000000000000000000000000000000000000000000000000000000000000000000000000000000
00111100000011110000000000000000000000000000000000000000000000000000000000000000000000000000000000000000000000000000000000000000000000000000000000000000000000000000000000000000000000000000000000000000000000000000000
00111100000011110000000000000000000000000000000000000000000000000000000000000000000000000000000000000000000000000000000000000000000000000000000000000000000000000000000000000000000000000000000000000000000000000000000
00111000000011110000000000000000000000000000000000000000000000000000000000000000000000000000000000000000000000000000000000000000000000000000000000000000000000000000000000000000000000000000000000000000000000000000000
00111000000011110000000000000000000000000000000000000000000000000000000000000000000000000000000000000000000000000000000000000000000000000000000000000000000000000000000000000000000000000000000000000000000000000000000
00111000000011110000000000000000000000000000000000000000000000000000000000000000000000000000000000000000000000000000000000000000000000000000000000000000000000000000000000000000000000000000000000000000000000000000000
01111000000011110000000000000000000000000000000000000000000000000000000000000000000000000000000000000000000000000000000000000000000000000000000000000000000000000000000000000000000000000000000000000000000000000000000
01111000000011110000000000000000000000000000000000000000000000000000000000000000000000000000000000000000000000000000000000000000000000000000000000000000000000000000000000000000000000000000000000000000000000000000000
01111000000011100000000000000000000000000000000000000000000000000000000000000000000000000000000000000000000000000000000000000000000000000000000000000000000000000000000000000000000000000000000000000000000000000000000
01111000000011100000000000000000000000000000000000000000000000000000000000000000000000000000000000000000000000000000000000000000000000000000000000000000000000000000000000000000000000000000000000000000000000000000000
01111000000011100000000000000000000000000000000000000000000000000000000000000000000000000000000000000000000000000000000000000000000000000000000000000000000000000000000000000000000000000000000000000000000000000000000
01110000000011100000000000000000000000000000000000000000000000000000000000000000000000000000000000000000000000000000000000000000000000000000000000000000000000000000000000000000000000000000000000000000000000000000000
01110000000011100000000000000000000000000000000000000000000000000000000000000000000000000000000000000000000000000000000000000000000000000000000000000000000000000000000000000000000000000000000000000000000000000000000
01110000000011100000000000000000000000000000000000000000000000000000000000000000000000000000000000000000000000000000000000000000000000000000000000000000000000000000000000000000000000000000000000000000000000000000000
01110000000011100000000000000000000000000000000000000000000000000000000000000000000000000000000000000000000000000000000000000000000000000000000000000000000000000000000000000000000000000000000000000000000000000000000
01110000000011100000000000000000000000000000000000000000000000000000000000000000000000000000000000000000000000000000000000000000000000000000000000000000000000000000000000000000000000000000000000000000000000000000000
01110000000011100000000000000000000000000000000000000000000000000000000000000000000000000000000000000000000000000000000000000000000000000000000000000000000000000000000000000000000000000000000000000000000000000000000
01110000000011100000000000000000000000000000000000000000000000000000000000000000000000000000000000000000000000000000000000000000000000000000000000000000000000000000000000000000000000000000000000000000000000000000000
01110000000011100000000000000000000000000000000000000000000000000000000000000000000000000000000000000000000000000000000000000000000000000000000000000000000000000000000000000000000000000000000000000000000000000000000
01110000000011100000000000000000000000000000000000000000000000000000000000000000000000000000000000000000000000000000000000000000000000000000000000000000000000000000000000000000000000000000000000000000000000000000000
11110000000011100000000000000000000000000000000000000000000000000000000000000000000000000000000000000000000000000000000000000000000000000000000000000000000000000000000000000000000000000000000000000000000000000000000
11110000000011100000000000000000000000000000000000000000000000000000000000000000000000000000000000000000000000000000000000000000000000000000000000000000000000000000000000000000000000000000000000000000000000000000000
11110000000011100000000000000000000000000000000000000000000000000000000000000000000000000000000000000000000000000000000000000000000000000000000000000000000000000000000000000000000000000000000000000000000000000000000
11100000000011100000000000000000000000000000000000000000000000000000000000000000000000000000000000000000000000000000000000000000000000000000000000000000000000000000000000000000000000000000000000000000000000000000000
11100000000011100000000000000000000000000000000000000000000000000000000000000000000000000000000000000000000000000000000000000000000000000000000000000000000000000000000000000000000000000000000000000000000000000000000
11100000000111100000000000000000000000000000000000000000000000000000000000000000000000000000000000000000000000000000000000000000000000000000000000000000000000000000000000000000000000000000000000000000000000000000000
11100000000111100000000000000000000000000000000000000000000000000000000000000000000000000000000000000000000000000000000000000000000000000000000000000000000000000000000000000000000000000000000000000000000000000000000
11100000000111100000000000000000000000000000000000000000000000000000000000000000000000000000000000000000000000000000000000000000000000000000000000000000000000000000000000000000000000000000000000000000000000000000000
11100000000111100000000000000000000000000000000000000000000000000000000000000000000000000000000000000000000000000000000000000000000000000000000000000000000000000000000000000000000000000000000000000000000000000000000
11100000000111100000000000000000000000000000000000000000000000000000000000000000000000000000000000000000000000000000000000000000000000000000000000000000000000000000000000000000000000000000000000000000000000000000000
11100000000111100000000000000000000000000000000000000000000000000000000000000000000000000000000000000000000000000000000000000000000000000000000000000000000000000000000000000000000000000000000000000000000000000000000
11100000000111100000000000000000000000000000000000000000000000000000000000000000000000000000000000000000000000000000000000000000000000000000000000000000000000000000000000000000000000000000000000000000000000000000000
11100000000111100000000000000000000000000000000000000000000000000000000000000000000000000000000000000000000000000000000000000000000000000000000000000000000000000000000000000000000000000000000000000000000000000000000
11100000000111000000000000000000000000000000000000000000000000000000000000000000000000000000000000000000000000000000000000000000000000000000000000000000000000000000000000000000000000000000000000000000000000000000000
11100000000111000000000000000000000000000000000000000000000000000000000000000000000000000000000000000000000000000000000000000000000000000000000000000000000000000000000000000000000000000000000000000000000000000000000
11100000000111000000000000000000000000000000000000000000000000000000000000000000000000000000000000000000000000000000000000000000000000000000000000000000000000000000000000000000000000000000000000000000000000000000000
11100000000111000000000000000000000000000000000000000000000000000000000000000000000000000000000000000000000000000000000000000000000000000000000000000000000000000000000000000000000000000000000000000000000000000000000
11100000000111000000000000000000000000000000000000000000000000000000000000000000000000000000000000000000000000000000000000000000000000000000000000000000000000000000000000000000000000000000000000000000000000000000000
11100000000111000000000000000000000000000000000000000000000000000000000000000000000000000000000000000000000000000000000000000000000000000000000000000000000000000000000000000000000000000000000000000000000000000000000
11100000000111000000000000000000000000000000000000000000000000000000000000000000000000000000000000000000000000000000000000000000000000000000000000000000000000000000000000000000000000000000000000000000000000000000000
11100000000111000000000000000000000000000000000000000000000000000000000000000000000000000000000000000000000000000000000000000000000000000000000000000000000000000000000000000000000000000000000000000000000000000000000
11100000001111000000000000000000000000000000000000000000000000000000000000000000000000000000000000000000000000000000000000000000000000000000000000000000000000000000000000000000000000000000000000000000000000000000000
11100000001111000000000000000000000000000000000000000000000000000000000000000000000000000000000000000000000000000000000000000000000000000000000000000000000000000000000000000000000000000000000000000000000000000000000
11100000001111000000000000000000000000000000000000000000000000000000000000000000000000000000000000000000000000000000000000000000000000000000000000000000000000000000000000000000000000000000000000000000000000000000000
11100000001111000000000000000000000000000000000000000000000000000000000000000000000000000000000000000000000000000000000000000000000000000000000000000000000000000000000000000000000000000000000000000000000000000000000
11100000001111000000000000000000000000000000000000000000000000000000000000000000000000000000000000000000000000000000000000000000000000000000000000000000000000000000000000000000000000000000000000000000000000000000000
11100000001111000000000000000000000000000000000000000000000000000000000000000000000000000000000000000000000000000000000000000000000000000000000000000000000000000000000000000000000000000000000000000000000000000000000
11100000001111000000000000000000000000000000000000000000000000000000000000000000000000000000000000000000000000000000000000000000000000000000000000000000000000000000000000000000000000000000000000000000000000000000000
11100000001111000000000000000000000000000000000000000000000000000000000000000000000000000000000000000000000000000000000000000000000000000000000000000000000000000000000000000000000000000000000000000000000000000000000
11100000001111000000000000000000000000000000000000000000000000000000000000000000000000000000000000000000000000000000000000000000000000000000000000000000000000000000000000000000000000000000000000000000000000000000000
11100000001111000000000000000000000000000000000000000000000000000000000000000000000000000000000000000000000000000000000000000000000000000000000000000000000000000000000000000000000000000000000000000000000000000000000
11100000001111000000000000000000000000000000000000000000000000000000000000000000000000000000000000000000000000000000000000000000000000000000000000000000000000000000000000000000000000000000000000000000000000000000000
11100000001111000000000000000000000000000000000000000000000000000000000000000000000000000000000000000000000000000000000000000000000000000000000000000000000000000000000000000000000000000000000000000000000000000000000
11100000001111000000000000000000000000000000000000000000000000000000000000000000000000000000000000000000000000000000000000000000000000000000000000000000000000000000000000000000000000000000000000000000000000000000000
11100000001111000000000000000000000000000000000000000000000000000000000000000000000000000000000000000000000000000000000000000000000000000000000000000000000000000000000000000000000000000000000000000000000000000000000
11100000001110000000000000000000000000000000000000000000000000000000000000000000000000000000000000000000000000000000000000000000000000000000000000000000000000000000000000000000000000000000000000000000000000000000000
11100000001110000000000000000000000000000000000000000000000000000000000000000000000000000000000000000000000000000000000000000000000000000000000000000000000000000000000000000000000000000000000000000000000000000000000
11100000011110000000000000000000000000000000000000000000000000000000000000000000000000000000000000000000000000000000000000000000000000000000000000000000000000000000000000000000000000000000000000000000000000000000000
11100000011110000000000000000000000000000000000000000000000000000000000000000000000000000000000000000000000000000000000000000000000000000000000000000000000000000000000000000000000000000000000000000000000000000000000
11100000011110000000000000000000000000000000000000000000000000000000000000000000000000000000000000000000000000000000000000000000000000000000000000000000000000000000000000000000000000000000000000000000000000000000000
11100000011110000000000000000000000000000000000000000000000000000000000000000000000000000000000000000000000000000000000000000000000000000000000000000000000000000000000000000000000000000000000000000000000000000000000
11100000011110000000000000000000000000000000000000000000000000000000000000000000000000000000000000000000000000000000000000000000000000000000000000000000000000000000000000000000000000000000000000000000000000000000000
11100000011110000000000000000000000000000000000000000000000000000000000000000000000000000000000000000000000000000000000000000000000000000000000000000000000000000000000000000000000000000000000000000000000000000000000
11100000011110000000000000000000000000000000000000000000000000000000000000000000000000000000000000000000000000000000000000000000000000000000000000000000000000000000000000000000000000000000000000000000000000000000000
11110000011110000000000000000000000000000000000000000000000000000000000000000000000000000000000000000000000000000000000000000000000000000000000000000000000000000000000000000000000000000000000000000000000000000000000
11110000011110000000000000000000000000000000000000000000000000000000000000000000000000000000000000000000000000000000000000000000000000000000000000000000000000000000000000000000000000000000000000000000000000000000000
11110000011110000000000000000000000000000000000000000000000000000000000000000000000000000000000000000000000000000000000000000000000000000000000000000000000000000000000000000000000000000000000000000000000000000000000
11110000011100000000000000000000000000000000000000000000000000000000000000000000000000000000000000000000000000000000000000000000000000000000000000000000000000000000000000000000000000000000000000000000000000000000000
11110000011100000000000000000000000000000000000000000000000000000000000000000000000000000000000000000000000000000000000000000000000000000000000000000000000000000000000000000000000000000000000000000000000000000000000
11110000011100000000000000000000000000000000000000000000000000000000000000000000000000000000000000000000000000000000000000000000000000000000000000000000000000000000000000000000000000000000000000000000000000000000000
11110000011100000000000000000000000000000000000000000000000000000000000000000000000000000000000000000000000000000000000000000000000000000000000000000000000000000000000000000000000000000000000000000000000000000000000
11110000011100000000000000000000000000000000000000000000000000000000000000000000000000000000000000000000000000000000000000000000000000000000000000000000000000000000000000000000000000000000000000000000000000000000000
11110000011100000000000000000000000000000000000000000000000000000000000000000000000000000000000000000000000000000000000000000000000000000000000000000000000000000000000000000000000000000000000000000000000000000000000
11110000011100000000000000000000000000000000000000000000000000000000000000000000000000000000000000000000000000000000000000000000000000000000000000000000000000000000000000000000000000000000000000000000000000000000000
11110000011100000000000000000000000000000000000000000000000000000000000000000000000000000000000000000000000000000000000000000000000000000000000000000000000000000000000000000000000000000000000000000000000000000000000
11110000111100000000000000000000000000000000000000000000000000000000000000000000000000000000000000000000000000000000000000000000000000000000000000000000000000000000000000000000000000000000000000000000000000000000000
11111000111100000000000000000000000000000000000000000000000000000000000000000000000000000000000000000000000000000000000000000000000000000000000000000000000000000000000000000000000000000000000000000000000000000000000
11111000111100000000000000000000000000000000000000000000000000000000000000000000000000000000000000000000000000000000000000000000000000000000000000000000000000000000000000000000000000000000000000000000000000000000000
11111000111100000000000000000000000000000000000000000000000000000000000000000000000000000000000000000000000000000000000000000000000000000000000000000000000000000000000000000000000000000000000000000000000000000000000
11111000111000000000000000000000000000000000000000000000000000000000000000000000000000000000000000000000000000000000000000000000000000000000000000000000000000000000000000000000000000000000000000000000000000000000000
11111100111000000000000000000000000000000000000000000000000000000000000000000000000000000000000000000000000000000000000000000000000000000000000000000000000000000000000000000000000000000000000000000000000000000000000
11111100111000000000000000000000000000000000000000000000000000000000000000000000000000000000000000000000000000000000000000000000000000000000000000000000000000000000000000000000000000000000000000000000000000000000000
11111100111000000000000000000000000000000000000000000000000000000000000000000000000000000000000000000000000000000000000000000000000000000000000000000000000000000000000000000000000000000000000000000000000000000000000
01111100111000000000000000000000000000000000000000000000000000000000000000000000000000000000000000000000000000000000000000000000000000000000000000000000000000000000000000000000000000000000000000000000000000000000000
01111100111000000000000000000000000000000000000000000000000000000000000000000000000000000000000000000000000000000000000000000000000000000000000000000000000000000000000000000000000000000000000000000000000000000000000
01111100111000000000000000000000000000000000000000000000000000000000000000000000000000000000000000000000000000000000000000000000000000000000000000000000000000000000000000000000000000000000000000000000000000000000000
01111101111000000000000000000000000000000000000000000000000000000000000000000000000000000000000000000000000000000000000000000000000000000000000000000000000000000000000000000000000000000000000000000000000000000000000
01111101111000000000000000000000000000000000000000000000000000000000000000000000000000000000000000000000000000000000000000000000000000000000000000000000000000000000000000000000000000000000000000000000000000000000000
01111101111000000000000000000000000000000000000000000000000000000000000000000000000000000000000000000000000000000000000000000000000000000000000000000000000000000000000000000000000000000000000000000000000000000000000
00111111111000000000000000000000000000000000000000000000000000000000000000000000000000000000000000000000000000000000000000000000000000000000000000000000000000000000000000000000000000000000000000000000000000000000000
00111111111000000000000000000000000000000000000000000000000000000000000000000000000000000000000000000000000000000000000000000000000000000000000000000000000000000000000000000000000000000000000000000000000000000000000
00011111111000000000000000000000000000000000000000000000000000000000000000000000000000000000000000000000000000000000000000000000000000000000000000000000000000000000000000000000000000000000000000000000000000000000000
00011111111000000000000000000000000000000000000000000000000000000000000000000000000000000000000000000000000000000000000000000000000000000000000000000000000000000000000000000000000000000000000000000000000000000000000
00001111111000000000000000000000000000000000000000000000000000000000000000000000000000000000000000000000000000000000000000000000000000000000000000000000000000000000000000000000000000000000000000000000000000000000000
00001111111000000000000000000000000000000000000000000000000000000000000000000000000000000000000000000000000000000000000000000000000000000000000000000000000000000000000000000000000000000000000000000000000000000000000
00001111111000000000000000000000000000000000000000000000000000000000000000000000000000000000000000000000000000000000000000000000000000000000000000000000000000000000000000000000000000000000000000000000000000000000000
00001111111000000000000000000000000000000000000000000000000000000000000000000000000000000000000000000000000000000000000000000000000000000000000000000000000000000000000000000000000000000000000000000000000000000000000
00001111111000000000000000000000000000000000000000000000000000000000000000000000000000000000000000000000000000000000000000000000000000000000000000000000000000000000000000000000000000000000000000000000000000000000000
00001111110000000000000000000000000000000000000000000000000000000000000000000000000000000000000000000000000000000000000000000000000000000000000000000000000000000000000000000000000000000000000000000000000000000000000
00000111110000000000000000000000000000000000000000000000000000000000000000000000000000000000000000000000000000000000000000000000000000000000000000000000000000000000000000000000000000000000000000000000000000000000000
00000111110000000000000000000000000000000000000000000000000000000000000000000000000000000000000000000000000000000000000000000000000000000000000000000000000000000000000000000000000000000000000000000000000000000000000
00000111110000000000000000000000000000000000000000000000000000000000000000000000000000000000000000000000000000000000000000000000000000000000000000000000000000000000000000000000000000000000000000000000000000000000000
00000111110000000000000000000000000000000000000000000000000000000000000000000000000000000000000000000000000000000000000000000000000000000000000000000000000000000000000000000000000000000000000000000000000000000000000
00000111100000000000000000000000000000000000000000000000000000000000000000000000000000000000000000000000000000000000000000000000000000000000000000000000000000000000000000000000000000000000000000000000000000000000000
00000011100000000000000000000000000000000000000000000000000000000000000000000000000000000000000000000000000000000000000000000000000000000000000000000000000000000000000000000000000000000000000000000000000000000000000
00000011100000000000000000000000000000000000000000000000000000000000000000000000000000000000000000000000000000000000000000000000000000000000000000000000000000000000000000000000000000000000000000000000000000000000000
00000011000000000000000000000000000000000000000000000000000000000000000000000000000000000000000000000000000000000000000000000000000000000000000000000000000000000000000000000000000000000000000000000000000000000000000
