0000000000000000000000000000000000000000000000000000000000000000000000000000000000000000000000000000000000000000000010000000000000000000000000000000000000000000000000000000000000000
0000000000000000000000000000000000000000000000000000000000000000000000000000000000000000000000000000000000000000000111000000000000000000000000000000000000000000000000000000000000000
0000000000000000000000000000000000000000000000000000000000000000000000000000000000000000000000000000000000000000000111000000000000000000000000000000000000000000000000000000000000000
0000000000000000000000000000000000000000000000000000000000000000000000000000000000000000000000000000000000000000001111100000000000000000000000000000000000000000000000000000000000000
0000000000000000000000000000000000000000000000000000000000000000000000000000000000000000000000000000000000000000001111100000000000000000000000000000000000000000000000000000000000000
0000000000000000000000000000000000000000000000000000000000000000000000000000000000000000000000000000000000000000001111100000000000000000000000000000000000000000000000000000000000000
0000000000000000000000000000000000000000000000000000000000000000000000000000000000000000000000000000000000000000011111110000000000000000000000000000010000000000000000000000000000000
0000000000000000000000000000000000000000000000000000000000000000000000000000000000000000000000000000000000000000011111110000000000000000000000000000110000000000000000000000000000000
0000000100000000000000000000000000000000000000000000000000000000000000000000000000000000000000000000000000000000011111110000000000000000000000000000111000000000000000000000000000000
0000001110000000000000000000000000000000000000000000000000000000000000000000000000000000000000000000000000000000111111110000000000000000000000000000111000000000000000000000000000000
0000011111000000000000000000000000000000000000000000000000000000000000000000000000000000000000000000000000000000111111110000000000000000000000000000111000000000000000000000000000000
0000011111000000000000000000000000000000000000000000000000000000000000000000000000000000000000000000000000000000111111111000000000000000000000000000111000000000000000000000000000000
0000011111000000000000000000000000000000000000000000000000000000000000000000000000000000000000000000000000000000111111111000000000000000000000000000111000000000000000000000000000000
0000111111100000000000000001000000000000000000000000000000000000000000000000000000000000000000000000000000000001111011111000000000000000000000000000111000000000000000000000000000000
0000111111100000000000000001000000000000000000000000000000000001100000000000000000000000000000000000000000000001111011111000000000000000000000000000111000000000000000000000000000000
0000111111100000000000000011000000000000000000000000000000000011110000000000000000000000000000000000000000000001111001111000000000000000000000000000111000000000000000000000000000000
0001111111110000000000000011100000000000000000000000000000000011111000000000000000000000000000000000000000000001110001111000000000000000000000000000111000000000000000000000000000000
0001111111110000000000000011100000000000000000000000000000000011111000000000000000000010000000000000000000000011110000111000000000000000000000000000111000000000000001000000000000000
0001111011110000000000000011100000000000000000000000000000000111111000000000000000000011000000000000000000000011100000011000000000000000000000000000111000000000000001100000000000000
0001110001110000000000000011100000000000000000000000000000000111111100000000000000000111000000000000000000000011100000011000000000000000000000000000111000000000000001100000000000000
0011100000110000000000000011100000000000000000000000000000000110011100000000000000000111000000000000000000000011100000011100000000000000000000000000111000000000000001100000000000000
0011100000110000000000000011100000000000000000000000000000000110011100000000000000000111000000000000000000000011100000011100000000000000000000000000111000000000000001100000000000000
0011100000110000000000000011100000000000000000000000000000001110001110000000000000000111000000000000000000000011100000011100000000000000000000000000111000000000000011100000000000000
0011100000110000000000000011100000000100000000000000000011001110001110000000000000000111000000000000000000000111100000011100000000000000000000000000111000000000000011100000000000000
0011100000111000000000000011110000000100000000000000000011001100000110000000000000000111000000000000000000000111100000011100000000000000000000000000111000000000000011100000000000000
0011000000111000000000000011110000000100000000000000000011001100000110000000000000001111000000000000000000000111100000001100000000000000000000000000111000000000000001100000000000000
0010000000111000000000000011110000000100000000000000000011001100000110000000000000001111000000000000000000000111100000001100000000000000000000000000111000000000000001100000000000000
0010000000111000000000000011010000000100000000000000000011001100000111000000000000001111000000000000000000000111000000001100000000000000000000000000111000000000000001100000000000000
0010000000111000000000000011010000000100000000000000000011011100000011000000000000001111000000000000000000000111000000001100000000000000000000000000111000000000000001100000000000000
0110000000111000000000000011010000000100000000000000000011011000000011000000000000001111000000000000000000000111000000001100000000000000000000000000111000000000000001100000000000000
0110000000111000000000000011000000000100000000000000000011011000000011000000000000001111000000000000000000000111000000001100000000000000000000000000111000000000000001110000000000000
0110000000111000000000000011000000000110000000000000000011011000000011000000000000011111000000000000000000000111000000001100000000000000000000000000111000000000000001110000000000000
0110000000111000000000000011000000000110000000000000000011011000000011000000000000011111000000000000000000000111000000001100000000000000000000000000111000000000000001110000000000000
0110000000111000000000000011000000000110000000000000000011011000000011000000000000011111000000000100000000000011000000001100000000000000000000000000111000000000000001110000000000000
0110000000111000000000000011000000000110000000000000000011110000000011000000000000011011000000000100000000000011000000001100000000000000000000000000111000000000000001110000000000000
0110000000111100000000000011000000000110000000000000000011110000000011000000000000011001100000000110000000000011100000011100000000000000000000000001111000000000000001110000000000000
0110000000111100000000000011000000000110000000000000000011110000000011000000000000011001100000000110000000000011100000011100000000000000000000000001111000000000000001110000000000000
0110000000111100000000000011000000000110000000000000000011110000000011000000000000011001100000000110000000000011100000011000000000000000000000000001111000000000000001110000000000000
0110000000111100000000000011000000001110000000000000000011110000000011000000000000111001100000000110000000000011100000011000000000000000000000000001111100000000000001110000000000000
0110000000111100000000000011000000001110000000000000000011110000000011000000000000111001100000000110000000000011100000011000000000000000000000000001111100000000000001111000000000000
0110000000101100000000000011000000001111000000000000000011110000000001000000000000110001100000000110000000000011100000011000000000000000000000000001111100000000000001111000000000000
0110000000101100000000000001000000001111000000000000000011110000000011000000000000110001100000001110000000000011100000011000000000000011000000000011111100000000000001111000000000000
0110000000101100000000000001000000001011000000000000000011110000000001000000000000110001100000001100000000000001100000011000000000000011000000000011111100000000000001111000000000000
0110000000101100000000000001100000001011000000000000000011110000000011100000000000110001100000001100000000000001100000011000000000000011000000000011111100000000000001111000000000000
0110000001001100000000000001100000011011000000000000000011100000000011100000000000110001110000001100000000000001100000011000000000000111000000000011011100000000000001111100000000000
0110000001101100000000000001100000011011000000000000000011100000000011000000000001110000110000001100000000000001100000011000000000000111000000000011011100000000000011111100000000000
0110000001101100000000000001100000011011000000000000000011100000000011000000000001100000110000011100000000000001110000111000000000000111000000000111001100000000000011011100000000000
0010000001101100000000000001100000111011000000000000000011100000000011000000000001100000110000011000000000000001110000111000000000000111000000000111001110000000000011011100000000000
0010000001001100000000000000110000110001100000000000000011100000000011000000000001100000110000011000000000000001110000110000000000000011000000000110001110000000000011011110000000000
0011000011000100000000000000110001110001100000000000000011100000000011000000000001100000110000011000000000000000111000110000000000000011000000000110001110000000000011001110000000000
0011000011000100000000000000110001100001100000000000000011100000000011000000000001100000111000111000000000000000111001110000000000000011000000001110001110000000000111001110000000000
0011000011000100000000000000111011100001100000000000000011100000000011000000000001100000111000111000000000000000111001110000000000000011000000001110001110000000000111001110000000000
0011000111000100000000000000111111100001100000000000000011100000000011000000000001100000011000110000000000000000111111110000000000000011000000001100001111000000001110001110000000000
0001100110000100000000000000011111100001100000000000000011100000000011000000000011100000011101110000000000000000011111100000000000000011100000011100001111000000001110001111000000000
0001100110000100000000000000011111000001110000000000000011100000000011000000000011000000011111110000000000000000011111100000000000000011100000011100000111000000001110000111000000000
0001111110000100000000000000001111000001110000000000000011100000000011000000000001000000011111110000000000000000011111100000000000000011100000011000000111100000011110000111000000000
0001111100000110000000000000000100000000110000000000000011100000000000000000000001000000011111100000000000000000001111000000000000000011100000111000000111100000011100000111100000000
0000111100000110000000000000000000000000110000000000000001000000000000000000000000000000001111100000000000000000001111000000000000000001110001111000000111110000111100000111100000000
0000111100000110000000000000000000000000111000000000000001000000000000000000000000000000001111100000000000000000000110000000000000000001110001111000000111111000111100000111100000000
0000011000000110000000000000000000000000111000000000000001000000000000000000000000000000000111000000000000000000000110000000000000000001111111110000000111111101111000000011110000000
0000001000000110000000000000000000000000111100000000000000000000000000000000000000000000000110000000000000000000000000000000000000000001111111110000000011111111111000000011110000000
0000000000000110000000000000000000000000011110000000000000000000000000000000000000000000000000000000000000000000000000000000000000000000111111110000000011111111111000000011110000000
0000000000000110000000000000000000000000011110000000000000000000000000000000000000000000000000000000000000000000000000000000000000000000111111100000000011111111111000000001111000000
0000000000000110000000000000000000000000001100000000000000000000000000000000000000000000000000000000000000000000000000000000000000000000111111000000000001111111111000000000111000000
0000000000000110000000000000000000000000000000000000000000000000000000000000000000000000000000000000000000000000000000000000000000000000011111000000000001111111111000000000111100000
0000000000000110000000000000000000000000000000000000000000000000000000000000000000000000000000000000000000000000000000000000000000000000001110000000000001111111110000000000111110000
0000000000000110000000000000000000000000000000000000000000000000000000000000000000000000000000000000000000000000000000000000000000000000000000000000000000111111000000000000011111110
0000000000000110000000000000000000000000000000000000000000000000000000000000000000000000000000000000000000000000000000000000000000000000000000000000000000111110000000000000011111111
0000000000000110000000000000000000000000000000000000000000000000000000000000000000000000000000000000000000000000000000000000000000000000000000000000000000111100000000000000001111111
0000000000000110000000000000000000000000000000000000000000000000000000000000000000000000000000000000000000000000000000000000000000000000000000000000000000011100000000000000001111111
0000000000000110000000000000000000000000000000000000000000000000000000000000000000000000000000000000000000000000000000000000000000000000000000000000000000000000000000000000000111111
0000000000000110000000000000000000000000000000000000000000000000000000000000000000000000000000000000000000000000000000000000000000000000000000000000000000000000000000000000000001111
0000000000000010000000000000000000000000000000000000000000000000000000000000000000000000000000000000000000000000000000000000000000000000000000000000000000000000000000000000000000011
0000000000000010000000000000000000000000000000000000000000000000000000000000000000000000000000000000000000000000000000000000000000000000000000000000000000000000000000000000000000000
0000000000000010000000000000000000000000000000000000000000000000000000000000000000000000000000000000000000000000000000000000000000000000000000000000000000000000000000000000000000000
0000000000000010000000000000000000000000000000000000000000000000000000000000000000000000000000000000000000000000000000000000000000000000000000000000000000000000000000000000000000000
0000000000000010000000000000000000000000000000000000000000000000000000000000000000000000000000000000000000000000000000000000000000000000000000000000000000000000000000000000000000000
0000000000000010000000000000000000000000000000000000000000000000000000000000000000000000000000000000000000000000000000000000000000000000000000000000000000000000000000000000000000000
0000000000000010000000000000000000000000000000000000000000000000000000000000000000000000000000000000000000000000000000000000000000000000000000000000000000000000000000000000000000000
0000000000000010000000000000000000000000000000000000000000000000000000000000000000000000000000000000000000000000000000000000000000000000000000000000000000000000000000000000000000000
0000000000000010000000000000000000000000000000000000000000000000000000000000000000000000000000000000000000000000000000000000000000000000000000000000000000000000000000000000000000000
0000000000000010000000000000000000000000000000000000000000000000000000000000000000000000000000000000000000000000000000000000000000000000000000000000000000000000000000000000000000000
0000000000000010000000000000000000000000000000000000000000000000000000000000000000000000000000000000000000000000000000000000000000000000000000000000000000000000000000000000000000000
0000000000000010000000000000000000000000000000000000000000000000000000000000000000000000000000000000000000000000000000000000000000000000000000000000000000000000000000000000000000000
0000000000000010000000000000000000000000000000000000000000000000000000000000000000000000000000000000000000000000000000000000000000000000000000000000000000000000000000000000000000000
0000000000000010000000000000000000000000000000000000000000000000000000000000000000000000000000000000000000000000000000000000000000000000000000000000000000000000000000000000000000000
0000000000000010000000000000000000000000000000000000000000000000000000000000000000000000000000000000000000000000000000000000000000000000000000000000000000000000000000000000000000000
0000000000000010000000000000000000000000000000000000000000000000000000000000000000000000000000000000000000000000000000000000000000000000000000000000000000000000000000000000000000000
0000000000000010000000000000000000000000000000000000000000000000000000000000000000000000000000000000000000000000000000000000000000000000000000000000000000000000000000000000000000000
0000011000000010000000000000000000000000000000000000000000000000000000000000000000000000000000000000000000000000000000000000000000000000000000000000000000000000000000000000000000000
0000011000000010000000000000000000000000000000000000000000000000000000000000000000000000000000000000000000000000000000000000000000000000000000000000000000000000000000000000000000000
0000111000000010000000000000000000000000000000000000000000000000000000000000000000000000000000000000000000000000000000000000000000000000000000000000000000000000000000000000000000000
0001110000000010000000000000000000000000000000000000000000000000000000000000000000000000000000000000000000000000000000000000000000000000000000000000000000000000000000000000000000000
0001110000000010000000000000000000000000000000000000000000000000000000000000000000000000000000000000000000000000000000000000000000000000000000000000000000000000000000000000000000000
0001100000000010000000000000000000000000000000000000000000000000000000000000000000000000000000000000000000000000000000000000000000000000000000000000000000000000000000000000000000000
0001100000000010000000000000000000000000000000000000000000000000000000000000000000000000000000000000000000000000000000000000000000000000000000000000000000000000000000000000000000000
0011000000000011000000000000000000000000000000000000000000000000000000000000000000000000000000000000000000000000000000000000000000000000000000000000000000000000000000000000000000000
0011000000000011000000000000000000000000000000000000000000000000000000000000000000000000000000000000000000000000000000000000000000000000000000000000000000000000000000000000000000000
0011000000000011000000000000000000000000000000000000000000000000000000000000000000000000000000000000000000000000000000000000000000000000000000000000000000000000000000000000000000000
0011000000000011000000000000000000000000000000000000000000000000000000000000000000000000000000000000000000000000000000000000000000000000000000000000000000000000000000000000000000000
0111000000000011000000000000000000000000000000000000000000000000000000000000000000000000000000000000000000000000000000000000000000000000000000000000000000000000000000000000000000000
0111000000000011000000000000000000000000000000000000000000000000000000000000000000000000000000000000000000000000000000000000000000000000000000000000000000000000000000000000000000000
0110000000000010000000000000000000000000000000000000000000000000000000000000000000000000000000000000000000000000000000000000000000000000000000000000000000000000000000000000000000000
0110000000000010000000000000000000000000000000000000000000000000000000000000000000000000000000000000000000000000000000000000000000000000000000000000000000000000000000000000000000000
0110000000000010000000000000000000000000000000000000000000000000000000000000000000000000000000000000000000000000000000000000000000000000000000000000000000000000000000000000000000000
0110000000000010000000000000000000000000000000000000000000000000000000000000000000000000000000000000000000000000000000000000000000000000000000000000000000000000000000000000000000000
0110000000000011000000000000000000000000000000000000000000000000000000000000000000000000000000000000000000000000000000000000000000000000000000000000000000000000000000000000000000000
0110000000000010000000000000000000000000000000000000000000000000000000000000000000000000000000000000000000000000000000000000000000000000000000000000000000000000000000000000000000000
0110000000000010000000000000000000000000000000000000000000000000000000000000000000000000000000000000000000000000000000000000000000000000000000000000000000000000000000000000000000000
0110000000000010000000000000000000000000000000000000000000000000000000000000000000000000000000000000000000000000000000000000000000000000000000000000000000000000000000000000000000000
0110000000000010000000000000000000000000000000000000000000000000000000000000000000000000000000000000000000000000000000000000000000000000000000000000000000000000000000000000000000000
1110000000000010000000000000000000000000000000000000000000000000000000000000000000000000000000000000000000000000000000000000000000000000000000000000000000000000000000000000000000000
1110000000000010000000000000000000000000000000000000000000000000000000000000000000000000000000000000000000000000000000000000000000000000000000000000000000000000000000000000000000000
0100000000000010000000000000000000000000000000000000000000000000000000000000000000000000000000000000000000000000000000000000000000000000000000000000000000000000000000000000000000000
0100000000000010000000000000000000000000000000000000000000000000000000000000000000000000000000000000000000000000000000000000000000000000000000000000000000000000000000000000000000000
0100000000000010000000000000000000000000000000000000000000000000000000000000000000000000000000000000000000000000000000000000000000000000000000000000000000000000000000000000000000000
0100000000000010000000000000000000000000000000000000000000000000000000000000000000000000000000000000000000000000000000000000000000000000000000000000000000000000000000000000000000000
0110000000000110000000000000000000000000000000000000000000000000000000000000000000000000000000000000000000000000000000000000000000000000000000000000000000000000000000000000000000000
0110000000000110000000000000000000000000000000000000000000000000000000000000000000000000000000000000000000000000000000000000000000000000000000000000000000000000000000000000000000000
0110000000000110000000000000000000000000000000000000000000000000000000000000000000000000000000000000000000000000000000000000000000000000000000000000000000000000000000000000000000000
0110000000000110000000000000000000000000000000000000000000000000000000000000000000000000000000000000000000000000000000000000000000000000000000000000000000000000000000000000000000000
0110000000000110000000000000000000000000000000000000000000000000000000000000000000000000000000000000000000000000000000000000000000000000000000000000000000000000000000000000000000000
0111000000000110000000000000000000000000000000000000000000000000000000000000000000000000000000000000000000000000000000000000000000000000000000000000000000000000000000000000000000000
0111000000000110000000000000000000000000000000000000000000000000000000000000000000000000000000000000000000000000000000000000000000000000000000000000000000000000000000000000000000000
0111000000000110000000000000000000000000000000000000000000000000000000000000000000000000000000000000000000000000000000000000000000000000000000000000000000000000000000000000000000000
0111000000000110000000000000000000000000000000000000000000000000000000000000000000000000000000000000000000000000000000000000000000000000000000000000000000000000000000000000000000000
0111000000000110000000000000000000000000000000000000000000000000000000000000000000000000000000000000000000000000000000000000000000000000000000000000000000000000000000000000000000000
0011000000000110000000000000000000000000000000000000000000000000000000000000000000000000000000000000000000000000000000000000000000000000000000000000000000000000000000000000000000000
0011000000000110000000000000000000000000000000000000000000000000000000000000000000000000000000000000000000000000000000000000000000000000000000000000000000000000000000000000000000000
0011000000000110000000000000000000000000000000000000000000000000000000000000000000000000000000000000000000000000000000000000000000000000000000000000000000000000000000000000000000000
0011000000000110000000000000000000000000000000000000000000000000000000000000000000000000000000000000000000000000000000000000000000000000000000000000000000000000000000000000000000000
0011100000000100000000000000000000000000000000000000000000000000000000000000000000000000000000000000000000000000000000000000000000000000000000000000000000000000000000000000000000000
0011100000000110000000000000000000000000000000000000000000000000000000000000000000000000000000000000000000000000000000000000000000000000000000000000000000000000000000000000000000000
0001100000000100000000000000000000000000000000000000000000000000000000000000000000000000000000000000000000000000000000000000000000000000000000000000000000000000000000000000000000000
0001110000000100000000000000000000000000000000000000000000000000000000000000000000000000000000000000000000000000000000000000000000000000000000000000000000000000000000000000000000000
0001110000000100000000000000000000000000000000000000000000000000000000000000000000000000000000000000000000000000000000000000000000000000000000000000000000000000000000000000000000000
0001110000000100000000000000000000000000000000000000000000000000000000000000000000000000000000000000000000000000000000000000000000000000000000000000000000000000000000000000000000000
0001111000000100000000000000000000000000000000000000000000000000000000000000000000000000000000000000000000000000000000000000000000000000000000000000000000000000000000000000000000000
0000111100000100000000000000000000000000000000000000000000000000000000000000000000000000000000000000000000000000000000000000000000000000000000000000000000000000000000000000000000000
0000111100001100000000000000000000000000000000000000000000000000000000000000000000000000000000000000000000000000000000000000000000000000000000000000000000000000000000000000000000000
0000111110001100000000000000000000000000000000000000000000000000000000000000000000000000000000000000000000000000000000000000000000000000000000000000000000000000000000000000000000000
0000011111001100000000000000000000000000000000000000000000000000000000000000000000000000000000000000000000000000000000000000000000000000000000000000000000000000000000000000000000000
0000011111001100000000000000000000000000000000000000000000000000000000000000000000000000000000000000000000000000000000000000000000000000000000000000000000000000000000000000000000000
0000001111101100000000000000000000000000000000000000000000000000000000000000000000000000000000000000000000000000000000000000000000000000000000000000000000000000000000000000000000000
0000001111111000000000000000000000000000000000000000000000000000000000000000000000000000000000000000000000000000000000000000000000000000000000000000000000000000000000000000000000000
0000000111111000000000000000000000000000000000000000000000000000000000000000000000000000000000000000000000000000000000000000000000000000000000000000000000000000000000000000000000000
0000000111111000000000000000000000000000000000000000000000000000000000000000000000000000000000000000000000000000000000000000000000000000000000000000000000000000000000000000000000000
0000000011111000000000000000000000000000000000000000000000000000000000000000000000000000000000000000000000000000000000000000000000000000000000000000000000000000000000000000000000000
0000000000010000000000000000000000000000000000000000000000000000000000000000000000000000000000000000000000000000000000000000000000000000000000000000000000000000000000000000000000000
